965312478
827465193
341798625
132576849
496183752
578249316
619824537
783951264
254637981
5314
49
4178625
174
67
746
6198453
81
4379
791234685
348561927
562897134
236185479
157349862
489726513
673958241
924613758
815472396
7345
4127
2894
285
17482
723
6582
9265
8476
436218579
278459316
951673248
382167954
649325781
517894623
724986135
895731462
163542897
4285
7853
324
81954
35
51742
249
5346
3527
571243698
326598147
894716235
135679824
687124359
249835716
752981463
468352971
913467582
168
847
413
1357824
14
2493716
584
463
935
374516289
698342517
251798634
139254768
526187943
487963125
813679452
945821376
762435891
74162
6957
5173
124
187
935
1945
9576
24389
845123796
619475283
327689415
256831974
173946852
498257361
534718629
981362547
762594138
837
64758
7641
23
739685
51
3486
83627
258
968132547
341657829
527498163
132746958
694583271
785921634
276814395
853279416
419365782
9637
457
483
3258
53
7863
284
271
4682
823415769
167329458
954687132
236198547
418573926
579264381
381942675
795836214
642751893
2176
7294
572
6547
4896
5793
397
5832
4259
812364759
356297418
749518236
128973564
437856921
695142387
584731692
961425873
273689145
13649
5698
523
2954
3862
6528
841
9287
26894
175324689
689157324
234869517
412793865
798615432
356248791
843971256
927586143
561432978
15369
24
36951
41
8654
91
43975
92
51298
154326798
369178452
728549136
495283671
216794583
837651924
942867315
571432869
683915247
15478
182
249
9236
65
7612
861
542
63247
517234689
384596172
269718345
426173958
193485726
875962413
748659231
651327894
932841567
5724
84517
26934
427
37
613
48231
51789
8157
731248659
946153728
825679341
174935862
259816473
368724915
482361597
597482136
613597284
71465
7
82691
1452
86
3795
43197
7
13924
492513687
861274359
735698124
248156793
317982465
956347812
179835246
684729531
523461978
92567
8645
82
79
7924
56
78
8731
53197
546123789
718549236
932687451
387216594
264795318
195438672
473961825
829354167
651872943
5237
71926
851
369
43
942
476
89367
1873
492135678
716298534
835674291
124587963
358926147
967341825
579863412
683412759
241759386
49678
124
561
476
3547
638
534
625
24186
276134598
894265317
351879426
137642859
462958731
589713642
725496183
913587264
648321975
7135
45
374
34289
4981
59714
593
52
8217
541263978
723189465
869457132
354912687
278546391
196738524
617325849
482691753
935874216
4397
745
472
3596
278391
6824
635
423
3581
954123678
327468591
168597324
241956783
536871942
789342156
675214839
812739465
493685217
54168
24859
2
978
5692
892
7
12796
43521
691243758
238517496
547689132
123476985
489135267
765892314
316754829
872961543
954328671
97
87
76832
13465
4927
78234
31548
95
47
123546879
689172354
457398126
218953467
396487215
745621983
834265791
571839642
962714538

9735
39816
137
394715
768
84265
7136

578213469
216459378
349678251
127584693
894736512
635192784
482965137
763821945
951347826
7836
2498
49685
1793
91
6374
89513
7815
5382
637124589
825396147
914578236
152863974
369741852
748259613
286417395
493685721
571932468
63
2914
914782
84
3652
79
641395
9382
68
751324689
369518274
284679135
137895426
692147853
548263917
823456791
475981362
916732548
1329
354
615
394
621783
861
836
412
9325
689214357
725386149
431957268
358742916
942168573
167593824
873421695
296875431
514639782
2457
7619
43958
321
47
654
82195
2681
5169
921534687
485167329
637289415
268415973
374698251
159372846
896721534
742953168
513846792
2146
562
2845
284173

157286
8621
451
3879
314625798
528397416
679481325
136579842
785264931
492138657
253746189
861953274
947812563
4259
9
941325
184
7241
927
253761
5
4815
243175869
958326147
617948352
394267518
182459673
576831924
869714235
421583796
735692481
3758
5847
63
467518

576839
95
4279
5694
219345678
863127495
574689231
137268549
625491387
498573126
951732864
742816953
386954712
13478
74
5791
59
254138
48
9764
28
38541
852613749
439257186
716894235
365129874
248376951
197485623
984731562
671542398
523968417
849
25
718425
398
2361
743
947162
42
527
376124895
142895376
958736241
239458617
461372958
785619423
893547162
627981534
514263789
71495
25376
9536
358
65
612
5462
62795
51238
397142658
456738129
218569347
163487295
574926831
829351476
632895714
745613982
981274563
376
45682
297
18729
5731
29356
684
46982
153
956124378
718395264
432768915
143689752
287513496
569472831
875231649
394856127
621947583
27
713564
43
146875
513
697231
49
398627
24
627138594
584279136
391456287
132764958
456982713
978315462
719843625
845621379
263597841
6139
5423
3946
495
51
783
8325
4139
6971
186324957
247591368
953768124
415237689
329685471
768149235
691853742
834972516
572416893
13495
47536
4
138
9654
643
6
34251
72463
659132847
387456192
124789563
491627358
275843619
836915274
518374926
763291485
942568731
517
71
496
16738
27583619
86952
139
34
983
619234578
327518649
854967132
165489327
932751864
478623951
746195283
281346795
593872416
57
37586
4713
14832
28
78231
4612
13675
93
246153789
738249561
591678234
162935847
357864192
984721653
615497328
829316475
473582916
2659
3561
968
16298

41653
472
8297
4896
658217439
432689571
719345268
165724893
287593614
394168752
521436987
873952146
946871325
5217
41
158
5249
275364
9167
548
86
8712
983142576
764538912
521679348
142986735
659723481
837451629
478265193
216394857
395817264
1426
92
5217
46735
657381
83742
6193
26
3817
274613589
659248173
813795264
195362748
327184695
468579312
782956431
936421857
541837926
23589
698
13964
1527

8532
78543
487
54186
126435897
853197246
749682153
417328965
395716482
268549371
971863524
584271639
632954718
64
4
9613
432865
312
265491
9135
8
47
137245869
698173452
254698371
349561728
526387914
781924536
913452687
865719243
472836195
159
1345
5461
518
2691
794
9268
6579
485
216435897
957218364
834796215
129857436
568342971
473169582
342971658
795684123
681523749
4597
721
4625
253
89
768
3296
841
6853
917324658
583167294
462589317
178246935
239815746
645793821
396458172
824971563
751632489
9138
836294
683
13
85
41
657
824756
7289
175324689
489561723
623879415
218435976
357296841
946187532
762943158
534618297
891752364
5689
4913
375
1397
26
4683
741
5627
8913
673124958
214598376
985637142
127985634
458362719
369741285
896473521
741259863
532816497
63128
276
871
128563
32
697485
642
743
51647
547132698
392468157
618759423
254317869
176894532
983526714
435281976
761943285
829675341
7128
281
853
54318
1652
32671
489
192
8653
143265897
789143256
652789314
374856921
516972483
298431765
467598132
925314678
831627549
1657
15
7891
3491
5183
2875
6598
24
8629
531247689
294568371
687913245
169824753
378156924
425379816
812635497
943781562
756492138
51
2948
7914
692
781692
781
1354
7562
18
936124758
458367192
127895346
579432681
281679435
364518927
692753814
745981263
813246579
962
83192
954
579
816943
927
975
74512
459
853124679
496375128
721689354
147856293
569231847
382947561
634712985
215498736
978563412
831679
7
293
1489
6214
8761
478
9
978342
654213789
832497156
179586342
347652891
291748563
568139427
716825934
925374618
483961275
5428
2756
758
3658
23
8397
253
9236
8127
783214569
921536487
546798231
135982746
498367125
267145398
359621874
872459613
614873952
146
9687
549
174
493725
678
274
8743
187
723145689
546289371
891637245
158492736
362571498
479368512
984726153
217853964
635914827
723168
493
3745
15
6249
12
9872
786
354827
459217683
768345192
321689457
286153974
194872365
537496821
645738219
873921546
912564738
917683
659
3194
874
1435
532
5729
794
912567
951324687
268571439
437689251
185936724
372148596
649257813
793865142
816492375
524713968
95326
9
48251
83624
18
64251
79362
8
41368
179234568
826519374
345687912
251463897
487195623
693872451
562748139
914326785
738951246
48
6134
5791
214389
82
938241
6271
9427
79
291346578
687259413
534718269
346172985
178495632
925683741
863927154
719534826
452861397
2934578
6893
37
32
17932
61
75
7526
4526197
678132459
529467138
143958267
314826975
296574813
857391642
761285394
985643721
432719586
1329
294
1957
14829
2543
79164
7854
372
4719
123458679
768219345
549673281
691342857
357186924
284597163
936724518
875961432
412835796
124
69345
471
6285
34
8453
921
87593
596
342156897
195287346
687493152
251369784
469871523
738524961
913645278
526718439
874932615
5687
19734
842
37
4687123
84
957
26739
8493
325146897
946378152
187529346
268451973
719283465
534967281
673892514
852714639
491635728
321689
8
1754
2613
75
5981
7254
7
916528
732145689
685239417
149678253
263814795
598763124
417592368
821457936
376981542
954326871
714568
81
9783
3145
861
4593
8459
74
543261
875123496
261459738
943678152
426391587
397582614
158746923
512867349
739214865
684935271
96
6598
9472
43915
52
87463
5649
7216
68
479125386
362478591
518396247
647281935
183954762
925763814
734812659
251639478
896547123
91258
785
5182
6715
954
9784
4659
163
95471
153246789
498173256
627598314
231869475
846752931
579431862
764985123
382614597
915327648
15327
726
5314
2319

4862
7645
321
57648
296134785
813675924
574829136
128597643
347268591
659413872
761942358
982356417
435781269
614
835
742
129
34728591
172
435
347
712
517234689
938165274
426798153
142876395
389541762
675329418
854613927
291487536
763952841
51738
3864
4713
148
51
918
8437
2853
65841
398125647
746938152
251476389
123867594
679514238
485392716
512789463
864253971
937641825
39
452
1468
386
675438
927
1794
867
25
814235697
732619458
965847132
179486325
248753916
356192784
491578263
527361849
683924571
142357
248
5471
14832

56924
1572
578
692457
329145786
476238159
158679324
593716842
784923561
261854937
815492673
932567418
647381295
25
46235
17324
14
4935
65
81593
36748
39
834216597
219573486
576489213
367128954
142695738
958347621
481962375
793854162
625731849
3429
1486
6893
3128

3471
4963
7936
2184
187234596
294516783
365789124
516342879
823975641
479168352
642853917
738491265
951627438
72
2943
358924
627
81
713
648597
7265
74
385124679
726359148
149867235
458213796
937648512
261795384
573482961
694531827
812976453
85169
658
1472
5816
3681
2938
3461
638
82645
972134658
865297314
431586279
154872936
627359481
398461725
243915867
586743192
719628543
96
273
1827
1587
7394
6125
4318
673
93
471235896
268149375
359678214
145763982
982514763
637982541
524891637
816327459
793456128
47138
2693
3782
1762
54
6821
4897
6359
35128
428135967
361729584
597486132
134598276
782614395
659372841
815947623
946253718
273861459
439
3179
9746
39876
89
65374
9762
2378
369
932154768
741268395
865379214
176592483
458713926
293846571
519637842
324981657
687425139
92
7635
692
65923
4736
28465
964
3487
19
729136485
568427319
341859267
135674892
286591743
497283651
673918524
954762138
812345976
7134
5471
34892
9
286743
9
39824
5728
2456
526147893
149283756
378659124
417832965
935716482
682594371
891425637
754368219
263971548
214
19
861
4178396
3548
8294371
156
29
714
723145698
158269347
649783125
286354971
974618532
531972864
312597486
467831259
895426713
2314569
4
832
841
9732
596
159
6
9542671
789132546
153746298
462598317
346921875
295487631
871653924
918364752
524879163
637215489
7892
72
2517
3415
9473
8624
9147
49
2489
458219367
627345189
139678254
293487516
814956723
576123948
961832475
345761892
782594631
4583
3589
925
248
819623
238
614
3471
2631
384125697
516397482
297486153
459812736
173564829
628973541
842731965
931658274
765249318
84167
5378
43
4581
19
7341
81
3684
75931
657123849
249658713
138479265
416582937
392716458
785934621
561847392
824391576
973265184
389
2971
1346
6897
95
7536
6792
2456
932
632174598
948235176
715896234
167382945
589741362
324659781
293418657
851967423
476523819
2498
235
163
16785
52
35781
945
967
4758
762134598
543829617
189756234
317548926
698217453
254693781
426981375
875362149
931475862
76
5389
18762
17926
9275
25478
69175
3219
62
296134578
178625349
453897162
512376984
387249651
649518723
825961437
761483295
934752816
218
1739
891
5368
31
4583
561
7195
926
135624798
792138645
846579231
314265879
267893154
589417326
473981562
658742913
921356487
24
92164
861
1587
7831
8942
452
58291
35
945132768
821467395
736895124
162354879
394728516
578619432
219583647
453976281
687241953
4278
2173
354
1623
91
9432
254
3928
6725
897132456
521476893
463859712
345921678
276584931
189367524
618793245
932645187
754218369
256
763
491
3968
765493
1974
175
964
752
897132645
251648739
364579218
185427963
729863154
436951872
613284597
578396421
942715386
245
2587
5721
823
7914
457
1384
8321
947
589132467
276548193
314796285
158427936
427369518
963815724
792684351
841953672
635271849
9124
2541
15
184236
39
961574
75
1532
5218
182354796
796218354
453967218
347129865
218645973
965783421
824576139
679831542
531492687
184
2834
4921
9865
86459
9657
2469
6981
487
584123679
167549283
293786145
416378592
328695417
759412368
842951736
931267854
675834921
541236
53
914
18
386547
46
423
97
583491
134265897
768391254
295847163
349182576
612759348
857436912
983574621
426918735
571623489
42657
2
25847
3476
627938
8512
57461
6
56234
469127583
183546297
275398416
317485962
654279831
892613745
928761354
541932678
736854129
4128
134
274
8562
4298
8961
854
368
3549
693125478
451378692
728496153
145632987
289741365
367589241
876214539
532967814
914853726
32548
762
843
1398
93
6781
845
526
94857
241356798
793182456
685749312
158263974
429571683
367498521
834925167
972614835
516837249
213
71
85743
15974
28
36721
42516
45
729
