571238469
346159287
928467153
137582946
659314728
284976315
762891534
493625871
815743692
738
2
8671
175846
9347
287635
2895
3
749
573126489
491358276
862497315
125963847
386274591
749581632
217845963
658739124
934612758
736
1276
86243
16347
31
74582
75963
6581
675
168234579
593176248
427589136
685317492
319428657
274965381
756842913
932751864
841693725
635
591
45836
92
3487
27
75423
164
192
452613798
378492165
196578342
514289673
283167459
769345821
841956237
927834516
635721984
261379
75
653
283
8175
745
162
91
357219
591243687
867591234
234678159
153829746
628457391
749136825
385764912
972315468
416982573
587
6591
368
1946
2839
7415
741
3156
413
591234678
682715439
743698152
135489726
479526813
826173594
318967245
957842361
264351987
917
6275
98
154
795681
354
96
8231
698
741253698
625489371
893167425
157638942
439725816
268914753
314892567
572346189
986571234
1268
6254831
95
42
9758
26
36
5246189
9612
957123648
238465791
164789253
315246987
486937512
729851364
542398176
891672435
673514829
934
81
167853
1568
42
2836
549876
84
759
324156789
876329145
915784236
139547628
247968351
568213974
751892463
493675812
682431597
56
83914
74236
94762
73
68219
75182
93652
43
179253468
234168597
865479132
418736925
692845371
357912846
743521689
586397214
921684753
7928
4687
49
8365
6851
3918
51
5392
9475
825136479
796248513
143597268
319682745
567314892
284975631
952463187
438751926
671829354
59
9251
497
19274
5342
84963
468
3812
63
497215368
631487529
285396471
526173984
149568732
378942615
813759246
754621893
962834157
9738
3472
231
5269
49673
8615
896
5619
9215
487132569
253469817
961578234
346715982
178923645
529846371
694357128
735281496
812694753
836
417
96723
758
15
286
94528
731
195
243167589
519283467
768495132
126748395
954631278
387952641
635819724
871324956
492576813
475
58467
682
1273
98
7241
672
87126
251
486123597
537694218
192587463
268419375
719358642
354276981
823961754
975842136
641735829
8127
36921
173
849
93586
269
894
75423
6352
713264589
468395172
295817346
576129834
321648795
849753621
157482963
684931257
932576418
764589
48517
6
583
31475
491
1
84927
932578
348125967
265479318
179683425
437562891
596318274
821794536
682947153
913856742
754231689
487
25498
783
51
593874
84
945
98672
768
317249568
948165237
256387149
523491786
671538492
894726315
465973821
182654973
739812654
746
8153
5639
52341

76315
4382
8649
316
829135476
651247398
473896125
547381962
192654783
368729541
914568237
285973614
736412859
8147
523
4895
396
1983
689
9687
531
3629
863127459
579364182
412589367
194238675
236715894
785496213
941852736
357641928
628973541
31259
9342
2867
9236
68
5961
9457
3619
62735
831245769
726819345
495637218
147352896
562198473
389764152
258971634
913426587
674583921
3157
19345
8
139
621847
842
2
91342
4592
124356978
397128465
658479123
435912687
716835249
289764531
872541396
563297814
941683752
269
3245
84912
4387
632
2831
72513
5394
165
346512978
857396142
912487635
174238569
269154387
538769421
683975214
725641893
491823756
3651
87392
13
14239
27
56941
81
74183
2376
592316478
478592163
631478259
125783694
389164527
746259831
257941386
813627945
964835712
578
816
1475
784
9145
759
5413
139
962
213456978
576189234
948273156
462391587
189547623
357628491
834912765
691735842
725864319
28
763
827316
18
185723
56
849127
984
79
915236748
682147359
437589261
124763895
769854123
358912674
271395486
896421537
543678912
538
7359
435861
79
7913
52
279586
8964
579
913245768
256178493
487369125
149823657
728456931
365791842
672584319
534917286
891632574
358
673
325
4937
784691
3784
674
512
865
986213475
143576289
257849163
479132658
561487932
328695741
615728394
734951826
892364517
6245
7689
25496
3258

3269
17294
7395
8245
649132758
372458619
581769324
126845973
934671285
758923461
465317892
813296547
297584136
6375
481
7934
1693
38
7841
4537
126
9786
834215679
617493258
925768413
178324965
356189742
249576831
762831594
481957326
593642187
179
4925
943
8326
67
4768
724
8157
594
879132465
523468179
146579238
215643897
387925614
964817523
631784952
758296341
492351786
89124
537
4528
16
8951
72
6145
531
23176
452136798
896257413
317489265
235918674
178642539
649573821
921865347
563794182
784321956
528
6573
1426
87
186259
45
2154
5791
795
267135489
598246317
143879526
374582691
659714238
812693745
731458962
486927153
925361874
71548
9827
82
3761
68
8245
38
4715
25318
391426758
654781392
872359416
137248965
269135847
485697231
916874523
743512689
528963174
3927
48
891
7249
261547
5972
183
16
8674
427315689
156289347
839467215
261738594
345196872
798524163
582971436
674853921
913642758
35
89347
621
67354
32
78246
827
67485
62
146237589
873195426
259648137
415962378
687351294
392784615
761429853
524873961
938516742
1435
46
56
19238
8729
32741
95
54
8142
149235678
768419352
532867419
273691584
481352796
695748231
917526843
824173965
356984127
42367
6932
284
694
17
648
768
8416
56842
935214768
246578193
781639245
154396827
378142956
629857314
492763581
567981432
813425679
176
53
8395
36827
7895
62987
4768
51
132
269134587
548276319
713859264
374582691
892617435
651943872
127468953
936725148
485391726
24
5473
75264
35291

65932
12763
6248
36
165324897
728519346
943678251
236857914
879146523
451293678
397485162
614932785
582761439
49
28134
961
2654
7162
4968
352
14378
87
952134687
847265391
163798245
284359716
536817924
791642853
329471568
618523479
475986132
9516
47251
24
49
3872
68
29
65347
5632
823415796
154769328
976283415
239857641
517634982
468192573
782346159
645921837
391578264
83179
5
725
2981
517982
4253
765
3
91724
641237598
875194236
293586714
419823675
587469321
326715849
762951483
154378962
938642157
615
143
2674
925
5491
318
7293
538
817
961234785
257189364
483675912
125498637
749326851
836517429
612943578
574862193
398751246
638
5186
8352
18637
36
83659
6957
7629
954
195234678
284176593
367589241
452718936
671395482
839462715
516847329
728953164
943621857
1937
8415
679
578
1354
421
832
8316
4257
479312586
536478129
821569374
147235698
953846217
268197435
315784962
684923751
792651843
493
381
2674
1436
958617
8935
3186
495
183
379142856
814563297
562798341
457326918
238419765
196875432
785634129
623981574
941257683
3728
97
52
45321
384976
97532
19
62
1283
178243596
954716238
362598174
219637485
536824917
487159362
625981743
841372659
793465821
78496
94723
3258
163
57
596
9173
41269
79682
712354689
839176254
546289137
293861475
154732968
678945321
981523746
427618593
365497812
748
3972
5627
2147
49
7891
9376
7159
642
583214679
164397258
279856134
698543712
342179865
715628943
837965421
451782396
926431587
81479
48
279853
957
19
584
365421
43
92438
851234796
792156438
436789215
163947582
287513964
549628173
315892647
628471359
974365821
247
964
6781
1645
2534
9273
1926
845
435
619325487
572481396
348679215
157268943
893514672
264793851
725946138
986137524
431852769
13
2836
37915
17294
8542
64381
72948
9635
26
745123689
189456237
236798154
358274916
612839475
974561823
423985761
597612348
861347592
41239
27
237985
8279
24
4618
298561
57
83479
825314697
179268354
643759128
258473916
314596872
796182543
532841769
461937285
987625431
82149
85
418
24791
3482
96823
526
69
86231
847213596
196458372
325796481
213684759
578139624
964527813
639871245
482965137
751342968
435
94837
94
2189
7192
9213
97
82953
136
385124697
419657328
267839145
173248956
824596731
596371482
631982574
758463219
942715863
312
492
63915
32
4567
14
61987
529
153
683142579
794685213
521739486
245371698
167928354
839564721
458296137
316857942
972413865
31579
461
1346
2376

9641
4891
179
97238
256134798
814297365
739568214
327451986
491386572
568972431
683725149
172649853
945813627
1479
12
9814
37486
97
56241
6871
95
4583
327154869
589276314
461389275
274863951
635921748
198745623
953617482
742538196
816492537
219
5934
197
27831
57
17523
564
7216
823
387142569
129365487
564798123
246853971
718429635
953671842
672514398
431987256
895236714
371259
194
673
459
7865
374
649
126
852674
846123579
132597468
759846213
215789346
368415792
497632185
984251637
623974851
571368924
459
258
561
27936
8457
47625
823
648
512
486132759
179458326
523697148
215974683
694381275
738526914
847263591
352819467
961745832
175
194
294
29463
6975
78564
469
947
615
216354789
835791462
479268153
123589674
648127395
597643821
381975246
964832517
752416938
16359
85
4261
2357
17
9382
1756
57
71693
852613947
719245368
364789125
235196874
178452693
946378251
583927416
427861539
691534782
85219
7245
3491
87
42
46
3946
8619
13782
329415687
516287493
847369251
295174836
163528974
478693512
681932745
734856129
952741368
394167
64
621
543
1584
765
613
41
924138
284135769
635279184
917648325
142896573
896357241
573421896
751962438
368714952
429583617
69
327184
785
1285
9374
3186
794
368145
42
751243869
932568174
648719235
164835927
275496381
389172456
426987513
893651742
517324698
53
92574
7135
18592
21
89126
4287
89172
39
185243796
439567218
762891345
314629857
278435961
956178432
691784523
823956174
547312689
1836
4967
61345
32
2451
72
69172
9514
5389
179423658
235168497
486795231
314289765
562347819
798516342
621974583
857631924
943852176
4235
37
4852
34865
2378
79132
1983
82
4852
671423859
524198376
398576214
142785963
735269481
869341725
486957132
253814697
917632548
6259
52418
3
456
752941
632
2
84697
9138
493216578
821573649
675894132
162385794
347129865
589467321
734951286
256748913
918632457
4328
25
4132
684
347865
562
7349
81
9247
795124368
862357149
143869572
274591836
319682754
586743921
451278693
937416285
628935417
13
8514
1397
274583
9627
863921
5263
3715
85
564213798
831749265
792658341
245196873
386572419
179834652
658421937
927365184
413987526
542798
82
9284
4563
81
1865
5493
74
413756
931245768
846371295
752968134
195827346
264139587
378654912
423596871
619782453
587413629
4576
84729
7963
576

369
2961
19853
8741
376412859
245789163
198365724
512643978
684297531
937158642
763921485
821574396
459836217
376159
716
967
567
684531
382
328
214
453217
675123894
134598267
892476135
216357948
459682713
387941652
523819476
968734521
741265389
72
159826
2
263594
4973
874162
4
687341
68
893124675
721356489
645798123
369217548
178465392
254983761
986541237
532679814
417832956
3275
1368
5913
218
45
283
9642
3698
4139
783125469
264379158
915486273
357264981
629817534
148953726
532691847
896742315
471538692
71269
41
1273
648
2873
495
5324
63
47382
871234596
426159378
395678142
142983657
683527914
957461283
718396425
264815739
539742861
71
2615
39742
2357
81
9542
71925
1573
86
562134879
471589236
938627154
146273598
385916427
297458613
614792385
723865941
859341762
23
7836
92154
25
3547
78
61495
7264
47
346215879
178349562
952786143
489123657
215967384
637458291
764531928
523894716
891672435
318
83
95861
465
159738
371
45328
47
175
794152386
365487129
812369547
136528974
278934615
459716832
541293768
987641253
623875491
791
8729
137
6528
2865
7168
536
9864
591
287134659
631592478
495678123
163825947
548769312
972341586
714986235
826453791
359217864
28659
5
68123
32947
863
97245
71496
3
35964
482315769
317296485
659784213
796132548
148569372
235478196
874653921
561927834
923841657
15
37298
9813
7135
1832
5786
8759
62784
84
762135489
514289673
893467152
135924768
427658931
986371524
348716295
279543816
651892347
7254
128
352
159268

987154
342
431
1837
591236478
642817359
378495162
735124986
289563741
164789235
813642597
927358614
456971823
1237
4259
12
71298
21
64895
83
9261
5718
687123459
493576128
215489673
154367982
328954761
769812345
842631597
971245836
536798214
725
4978
54967
437
31
823
42615
9436
392
154623798
268179453
973584612
385417926
617298534
492365871
549831267
836752149
721946385
27
17953
97361
359
13
281
49267
83752
14
297134586
831526479
456789123
149275638
678913254
325648917
513467892
762891345
984352761
2915
3529
5673
1495

6917
5789
7914
4261
245316789
671849253
839275416
457123698
926584371
318697524
582461937
763958142
194732865
53167
74923

457298
27
319524

73954
47328
738142695
126395478
594867213
261753984
453981762
879624351
312579846
647218539
985436127
725
6578
594721
984
5916
879
125846
6425
947
821435697
735269184
946781325
459316872
167528943
283947561
314692758
672853419
598174236
46
2694
6835
45182
58
23461
3497
6853
84
683125497
219347685
457689123
365294871
728513964
941768532
874931256
592476318
136852749
8197
936
76123
287
78194
418
87412
263
1324
169235784
745168293
382497156
213876945
596314872
478529361
634982517
951743628
827651439
9357
13
2415
17695
52
48526
3425
93
7654
541236798
867159423
923478156
152847639
496513872
378962514
614325987
285794361
739681245
428
8654
916
5479
6538
3961
647
5961
714
695214378
218367549
743598162
132479856
457683291
869125734
974852613
321746985
586931427
178
139
4392
124756

862574
9561
368
583
742135896
913286745
856479132
124698357
369754281
578312964
281563479
637941528
495827613
235
134
56479
24
369281
96
56347
352
826
586123749
214795386
793648152
148536927
329417865
657289431
962374518
471852693
835961274
23
586
79612
4527
3985
6593
92418
478
96
624153897
587429136
319687452
756231984
491568723
238974561
845316279
962745318
173892645
297
236
967
631
495823
975
362
964
174
978312465
246578139
531496728
324159687
169847352
785263941
492735816
653981274
817624593
93265
4739
168
18
168752
83
478
6587
81643
